current_epoch	train_acc	train_loss	epoch_train_time
0.0000	0.1217	2.2773	49.4919
0.0000	0.1114	2.2940	51.9006
0.0000	0.1221	2.2776	51.8784
0.0000	0.1228	2.2774	49.5712
0.0000	0.1129	2.2940	51.6943
0.0000	0.1276	2.2907	55.1491
0.0000	0.1222	2.2775	50.1364
0.0000	0.1132	2.2940	51.9799
0.0000	0.1261	2.2907	54.5348
0.0000	0.1222	2.2776	51.2427
1.0000	0.1768	2.1730	50.4524
2.0000	0.2237	2.0632	50.4050
3.0000	0.2414	2.0064	50.3814
4.0000	0.2554	1.9773	50.4084
5.0000	0.2678	1.9492	50.4028
6.0000	0.2795	1.9233	50.3812
7.0000	0.2904	1.8996	50.4168
8.0000	0.2971	1.8770	50.4373
9.0000	0.3046	1.8524	50.3661
10.0000	0.3101	1.8312	50.4276
11.0000	0.3147	1.8081	50.4410
12.0000	0.3244	1.7884	50.3935
13.0000	0.3323	1.7675	50.4407
14.0000	0.3411	1.7499	50.4239
15.0000	0.3445	1.7359	50.3884
16.0000	0.3506	1.7220	50.4139
17.0000	0.3554	1.7080	50.3662
18.0000	0.3606	1.6964	50.4563
19.0000	0.3683	1.6825	50.5443
20.0000	0.3691	1.6696	50.3734
21.0000	0.3760	1.6572	50.3060
22.0000	0.3779	1.6491	50.3952
23.0000	0.3846	1.6328	50.4001
24.0000	0.3900	1.6232	50.2446
25.0000	0.3939	1.6131	50.4196
26.0000	0.3992	1.6007	50.3638
27.0000	0.4007	1.5934	50.2526
28.0000	0.4021	1.5836	50.3654
29.0000	0.4082	1.5733	50.4089
30.0000	0.4109	1.5654	50.2549
31.0000	0.4147	1.5561	50.3969
32.0000	0.4213	1.5428	50.3794
33.0000	0.4243	1.5376	50.2864
34.0000	0.4269	1.5288	50.3794
35.0000	0.4288	1.5199	50.4042
36.0000	0.4326	1.5132	50.2239
37.0000	0.4367	1.5072	50.3727
38.0000	0.4377	1.4984	50.3722
39.0000	0.4433	1.4900	50.3014
40.0000	0.4417	1.4860	50.5046
41.0000	0.4502	1.4773	50.4725
42.0000	0.4501	1.4706	50.2646
43.0000	0.4547	1.4633	50.3893
44.0000	0.4576	1.4570	50.3780
45.0000	0.4612	1.4506	50.2616
46.0000	0.4622	1.4417	50.3657
47.0000	0.4655	1.4400	50.3900
48.0000	0.4698	1.4277	50.2462
49.0000	0.4742	1.4212	50.4030
50.0000	0.4765	1.4147	50.4017
51.0000	0.4788	1.4080	50.2838
52.0000	0.4821	1.4024	50.3574
53.0000	0.4866	1.3927	50.4006
54.0000	0.4894	1.3855	50.2131
55.0000	0.4912	1.3819	50.4103
56.0000	0.4959	1.3745	50.3666
57.0000	0.4957	1.3700	50.2741
58.0000	0.4991	1.3645	50.3510
59.0000	0.5025	1.3539	50.4328
60.0000	0.5038	1.3513	50.2328
61.0000	0.5082	1.3427	50.4672
62.0000	0.5073	1.3415	50.5015
63.0000	0.5144	1.3285	50.3369
64.0000	0.5139	1.3282	50.4140
65.0000	0.5153	1.3240	50.4136
66.0000	0.5212	1.3148	50.2210
67.0000	0.5220	1.3074	50.3792
68.0000	0.5260	1.3010	50.4089
69.0000	0.5260	1.2954	50.2886
70.0000	0.5306	1.2901	50.3455
71.0000	0.5325	1.2851	50.3959
72.0000	0.5354	1.2784	50.2982
73.0000	0.5382	1.2701	50.4071
74.0000	0.5415	1.2669	50.5120
75.0000	0.5412	1.2647	50.2892
76.0000	0.5425	1.2574	50.5085
77.0000	0.5464	1.2482	50.4235
78.0000	0.5462	1.2447	50.2215
79.0000	0.5525	1.2363	50.3875
80.0000	0.5542	1.2328	50.4963
81.0000	0.5558	1.2287	50.2687
82.0000	0.5557	1.2240	50.5228
83.0000	0.5606	1.2152	50.4777
84.0000	0.5629	1.2097	50.4920
85.0000	0.5643	1.2127	50.4332
86.0000	0.5658	1.1998	50.4102
87.0000	0.5642	1.1996	50.3301
88.0000	0.5688	1.1918	50.5643
89.0000	0.5692	1.1874	50.4373
90.0000	0.5744	1.1803	50.4190
91.0000	0.5767	1.1732	50.4299
92.0000	0.5783	1.1736	50.5316
93.0000	0.5809	1.1664	50.3091
94.0000	0.5821	1.1597	50.5421
95.0000	0.5853	1.1545	50.4305
96.0000	0.5864	1.1526	50.4006
97.0000	0.5901	1.1464	50.4411
98.0000	0.5899	1.1448	50.5587
99.0000	0.5921	1.1390	50.3137
0.0000	0.1156	2.2940	52.4538
1.0000	0.1304	2.2409	52.3556
2.0000	0.2116	2.1356	52.3709
3.0000	0.2270	2.0767	52.3463
4.0000	0.2369	2.0549	52.4137
5.0000	0.2434	2.0320	52.4284
6.0000	0.2566	2.0046	52.5088
7.0000	0.2643	1.9772	52.3479
8.0000	0.2745	1.9519	52.4066
9.0000	0.2848	1.9259	52.4220
10.0000	0.2939	1.8984	52.5068
11.0000	0.3023	1.8715	52.6252
12.0000	0.3107	1.8480	52.4647
13.0000	0.3165	1.8301	52.4845
14.0000	0.3242	1.8130	52.3801
15.0000	0.3316	1.7974	52.4060
16.0000	0.3380	1.7837	52.4172
17.0000	0.3453	1.7665	52.4126
18.0000	0.3480	1.7522	52.4077
19.0000	0.3544	1.7393	52.4331
20.0000	0.3633	1.7252	52.4049
21.0000	0.3656	1.7133	52.4117
22.0000	0.3704	1.6992	52.4196
23.0000	0.3753	1.6863	52.5146
24.0000	0.3806	1.6757	52.4221
25.0000	0.3846	1.6630	52.4224
26.0000	0.3916	1.6495	52.4283
27.0000	0.3940	1.6401	52.4962
28.0000	0.3981	1.6330	52.3875
29.0000	0.4031	1.6196	52.5046
30.0000	0.4048	1.6121	52.3506
31.0000	0.4108	1.6014	52.5759
32.0000	0.4114	1.5949	52.5284
33.0000	0.4156	1.5835	52.4099
34.0000	0.4186	1.5755	52.3970
35.0000	0.4245	1.5652	52.4318
36.0000	0.4258	1.5571	52.3975
37.0000	0.4300	1.5519	52.4252
38.0000	0.4361	1.5417	52.4064
39.0000	0.4391	1.5348	52.4961
40.0000	0.4417	1.5276	52.3823
41.0000	0.4436	1.5191	52.4580
42.0000	0.4477	1.5120	52.4066
43.0000	0.4538	1.5008	52.5060
44.0000	0.4555	1.4935	52.3860
45.0000	0.4584	1.4890	52.4498
46.0000	0.4626	1.4772	52.4180
47.0000	0.4623	1.4737	52.4159
48.0000	0.4694	1.4611	52.4017
49.0000	0.4723	1.4501	52.4989
50.0000	0.4742	1.4480	52.4263
51.0000	0.4785	1.4370	52.4217
52.0000	0.4823	1.4301	52.5413
53.0000	0.4856	1.4211	52.5860
54.0000	0.4930	1.4114	52.4450
55.0000	0.4950	1.4020	52.4443
56.0000	0.4954	1.3970	52.4491
57.0000	0.4974	1.3882	52.5452
58.0000	0.5064	1.3791	52.4510
59.0000	0.5087	1.3737	52.5067
60.0000	0.5113	1.3637	52.3998
61.0000	0.5142	1.3554	52.4366
62.0000	0.5174	1.3496	52.4436
63.0000	0.5163	1.3498	52.4501
64.0000	0.5232	1.3377	52.4541
65.0000	0.5246	1.3293	52.4790
66.0000	0.5237	1.3283	52.4465
67.0000	0.5288	1.3217	52.4451
68.0000	0.5303	1.3173	52.4591
69.0000	0.5342	1.3113	52.5377
70.0000	0.5370	1.3015	52.4296
71.0000	0.5376	1.2978	52.4790
72.0000	0.5411	1.2896	52.4809
73.0000	0.5386	1.2897	52.6105
74.0000	0.5439	1.2811	52.4730
75.0000	0.5476	1.2692	52.5038
76.0000	0.5488	1.2680	52.4581
77.0000	0.5483	1.2627	52.5004
78.0000	0.5509	1.2570	52.4283
79.0000	0.5551	1.2534	52.4767
80.0000	0.5549	1.2509	52.4610
81.0000	0.5583	1.2467	52.4697
82.0000	0.5591	1.2410	52.4718
83.0000	0.5604	1.2362	52.5547
84.0000	0.5628	1.2304	52.4537
85.0000	0.5658	1.2253	52.4626
86.0000	0.5649	1.2206	52.4524
87.0000	0.5684	1.2160	52.5480
88.0000	0.5694	1.2147	52.4732
89.0000	0.5720	1.2094	52.4827
90.0000	0.5711	1.2089	52.4712
91.0000	0.5723	1.2010	52.5601
92.0000	0.5758	1.1966	52.4650
93.0000	0.5781	1.1932	52.5746
94.0000	0.5798	1.1892	52.5088
95.0000	0.5811	1.1856	52.5516
96.0000	0.5824	1.1792	52.4520
97.0000	0.5842	1.1765	52.4858
98.0000	0.5815	1.1767	53.1610
99.0000	0.5897	1.1679	54.1269
0.0000	0.1316	2.2908	55.2977
1.0000	0.1740	2.2142	55.0719
2.0000	0.2064	2.1215	55.1322
3.0000	0.2216	2.0861	55.0876
0.0000	0.1303	2.2673	49.8467
1.0000	0.1759	2.1516	50.3239
0.0000	0.1226	2.2775	50.6296
2.0000	0.2267	2.0556	50.6708
1.0000	0.1753	2.1729	50.4490
3.0000	0.2356	2.0179	50.4204
2.0000	0.2261	2.0634	50.4728
4.0000	0.2495	1.9932	50.3612
3.0000	0.2404	2.0070	50.4595
5.0000	0.2599	1.9666	50.5041
0.0000	0.1309	2.2490	52.1384
0.0000	0.1359	2.2673	52.2236
4.0000	0.2570	1.9782	50.6042
6.0000	0.2737	1.9388	51.1802
1.0000	0.2085	2.1259	51.9647
1.0000	0.1974	2.1417	52.0679
5.0000	0.2667	1.9502	50.5812
7.0000	0.2838	1.9099	50.1095
2.0000	0.2274	2.0361	51.9406
2.0000	0.2323	2.0387	52.0854
6.0000	0.2808	1.9245	50.5976
8.0000	0.2976	1.8799	50.1682
3.0000	0.2423	2.0063	51.9727
3.0000	0.2469	2.0044	51.8608
7.0000	0.2891	1.9006	50.5447
9.0000	0.3070	1.8466	50.1261
4.0000	0.2519	1.9840	51.8641
4.0000	0.2584	1.9767	51.9605
8.0000	0.2973	1.8779	50.5821
0.0000	0.1254	2.2761	57.4809
10.0000	0.3203	1.8149	50.0508
5.0000	0.2643	1.9597	51.9347
5.0000	0.2713	1.9464	51.9116
9.0000	0.3053	1.8537	50.5644
1.0000	0.1812	2.1575	56.4988
11.0000	0.3250	1.7886	50.2256
6.0000	0.2714	1.9336	51.8542
6.0000	0.2841	1.9162	51.8120
10.0000	0.3094	1.8316	50.6281
12.0000	0.3359	1.7649	50.3687
2.0000	0.2311	2.0429	56.7127
7.0000	0.2844	1.9075	51.8716
11.0000	0.3146	1.8093	50.5557
7.0000	0.2940	1.8844	51.9960
13.0000	0.3422	1.7462	50.4557
3.0000	0.2452	1.9981	56.6218
12.0000	0.3258	1.7885	50.6280
8.0000	0.2893	1.8822	51.9942
8.0000	0.3041	1.8547	51.9849
14.0000	0.3499	1.7292	50.6544
4.0000	0.2611	1.9624	56.7476
13.0000	0.3332	1.7690	50.6569
9.0000	0.3019	1.8560	51.7981
9.0000	0.3131	1.8263	51.8125
15.0000	0.3533	1.7162	50.5036
5.0000	0.2734	1.9258	56.8283
14.0000	0.3376	1.7512	50.6107
10.0000	0.3130	1.8292	51.9024
10.0000	0.3207	1.8007	51.9090
16.0000	0.3611	1.7020	50.7433
6.0000	0.2848	1.8948	56.8913
15.0000	0.3469	1.7368	50.5763
11.0000	0.3220	1.8041	52.0249
11.0000	0.3301	1.7784	51.9219
17.0000	0.3655	1.6911	50.5586
7.0000	0.2958	1.8643	56.9319
16.0000	0.3515	1.7234	50.6007
12.0000	0.3332	1.7796	51.8684
12.0000	0.3361	1.7578	51.9481
18.0000	0.3698	1.6760	50.5730
17.0000	0.3543	1.7094	50.6736
8.0000	0.3020	1.8348	56.7951
13.0000	0.3382	1.7595	51.9053
13.0000	0.3423	1.7415	51.9426
19.0000	0.3754	1.6628	50.3226
18.0000	0.3591	1.6972	50.6111
14.0000	0.3455	1.7415	51.9307
9.0000	0.3110	1.8095	56.5268
14.0000	0.3501	1.7275	51.8993
20.0000	0.3806	1.6512	50.6731
19.0000	0.3644	1.6839	50.5116
15.0000	0.3527	1.7219	51.8812
15.0000	0.3536	1.7125	51.9210
21.0000	0.3841	1.6409	50.7685
10.0000	0.3173	1.7902	56.7421
20.0000	0.3669	1.6721	50.5222
16.0000	0.3594	1.7084	51.8963
16.0000	0.3605	1.6989	51.9091
22.0000	0.3910	1.6273	50.9811
11.0000	0.3258	1.7766	56.6828
21.0000	0.3717	1.6589	50.5047
17.0000	0.3648	1.6922	51.8635
23.0000	0.3932	1.6170	50.5180
17.0000	0.3662	1.6862	51.9705
12.0000	0.3293	1.7637	56.8378
22.0000	0.3779	1.6505	50.6303
24.0000	0.3983	1.6047	50.5523
18.0000	0.3677	1.6801	51.7908
18.0000	0.3744	1.6734	51.7804
13.0000	0.3361	1.7504	57.0695
23.0000	0.3847	1.6343	50.5892
25.0000	0.4025	1.5958	50.7041
19.0000	0.3770	1.6632	51.9956
19.0000	0.3760	1.6595	51.9263
14.0000	0.3399	1.7394	55.4463
24.0000	0.3854	1.6260	50.7258
26.0000	0.4049	1.5855	50.8701
20.0000	0.3792	1.6549	52.0500
20.0000	0.3815	1.6493	52.0235
15.0000	0.3454	1.7253	56.5722
25.0000	0.3919	1.6153	50.5775
27.0000	0.4092	1.5765	50.6197
21.0000	0.3862	1.6417	51.9508
21.0000	0.3878	1.6372	51.9083
16.0000	0.3484	1.7138	54.2010
26.0000	0.3951	1.6044	50.6509
28.0000	0.4139	1.5698	50.4226
22.0000	0.3893	1.6344	51.9875
22.0000	0.3909	1.6259	51.9902
27.0000	0.3992	1.5969	50.5737
17.0000	0.3540	1.7028	53.3075
29.0000	0.4161	1.5630	50.7452
23.0000	0.3957	1.6200	52.0473
23.0000	0.3932	1.6149	52.1650
28.0000	0.4021	1.5853	50.6993
18.0000	0.3619	1.6899	53.7358
30.0000	0.4195	1.5508	50.8248
24.0000	0.4005	1.6095	52.0484
24.0000	0.3997	1.6055	52.0484
29.0000	0.4078	1.5765	50.6283
19.0000	0.3641	1.6767	53.8796
31.0000	0.4198	1.5481	50.4987
25.0000	0.4025	1.6049	51.9642
25.0000	0.4023	1.5982	52.0365
30.0000	0.4069	1.5692	50.6630
20.0000	0.3700	1.6670	54.5875
32.0000	0.4254	1.5370	50.5271
26.0000	0.4064	1.5973	51.8928
26.0000	0.4074	1.5853	52.0260
31.0000	0.4149	1.5575	50.7572
33.0000	0.4262	1.5311	50.5687
21.0000	0.3717	1.6558	56.9350
27.0000	0.4069	1.5862	52.1030
27.0000	0.4118	1.5752	52.0185
32.0000	0.4186	1.5453	50.6841
34.0000	0.4313	1.5201	50.7372
22.0000	0.3777	1.6448	56.4466
28.0000	0.4146	1.5785	52.0230
28.0000	0.4139	1.5683	52.0350
33.0000	0.4211	1.5400	50.6105
35.0000	0.4341	1.5197	50.7431
29.0000	0.4104	1.5754	52.0368
23.0000	0.3824	1.6310	56.3453
29.0000	0.4180	1.5626	52.0736
34.0000	0.4249	1.5331	50.7090
36.0000	0.4376	1.5086	50.0600
30.0000	0.4201	1.5623	52.1574
30.0000	0.4221	1.5533	52.1613
24.0000	0.3867	1.6256	56.8591
35.0000	0.4279	1.5216	50.6090
37.0000	0.4391	1.5021	49.9780
31.0000	0.4207	1.5584	52.4435
31.0000	0.4261	1.5427	52.2437
25.0000	0.3922	1.6113	55.4934
36.0000	0.4322	1.5140	50.5906
38.0000	0.4441	1.4946	49.9541
32.0000	0.4263	1.5516	52.7744
32.0000	0.4271	1.5385	52.3878
26.0000	0.3976	1.6018	56.5888
37.0000	0.4348	1.5088	50.5528
39.0000	0.4462	1.4844	50.0101
33.0000	0.4290	1.5414	52.8344
33.0000	0.4297	1.5307	52.4570
27.0000	0.3994	1.5936	55.1537
38.0000	0.4356	1.4996	50.6196
40.0000	0.4506	1.4791	49.9487
34.0000	0.4358	1.5240	52.6240
34.0000	0.4300	1.5366	53.2592
39.0000	0.4405	1.4909	50.5550
28.0000	0.4033	1.5862	55.3707
41.0000	0.4538	1.4702	49.9991
35.0000	0.4329	1.5260	52.6663
35.0000	0.4365	1.5137	53.0122
40.0000	0.4427	1.4864	50.6067
29.0000	0.4056	1.5806	54.6884
42.0000	0.4572	1.4610	50.0050
36.0000	0.4350	1.5240	52.7763
36.0000	0.4407	1.5071	53.0016
41.0000	0.4491	1.4764	50.6102
43.0000	0.4591	1.4566	49.9836
30.0000	0.4130	1.5682	54.9104
37.0000	0.4367	1.5203	53.2717
37.0000	0.4425	1.5062	52.8194
42.0000	0.4517	1.4700	50.6943
44.0000	0.4609	1.4524	49.9645
31.0000	0.4126	1.5617	55.4523
38.0000	0.4470	1.4960	52.7814
38.0000	0.4388	1.5135	53.0138
43.0000	0.4548	1.4625	50.5294
45.0000	0.4647	1.4420	49.9682
32.0000	0.4186	1.5527	56.2276
39.0000	0.4464	1.4880	52.0285
39.0000	0.4441	1.5038	51.9916
44.0000	0.4572	1.4593	50.6218
46.0000	0.4699	1.4304	49.8863
33.0000	0.4222	1.5438	55.8877
45.0000	0.4610	1.4493	50.5776
40.0000	0.4506	1.4801	51.8902
40.0000	0.4425	1.5002	51.9007
47.0000	0.4735	1.4280	49.9516
34.0000	0.4240	1.5370	56.5961
46.0000	0.4662	1.4403	50.6385
41.0000	0.4528	1.4748	51.8517
41.0000	0.4460	1.4928	51.8844
48.0000	0.4782	1.4141	49.8818
35.0000	0.4289	1.5295	56.8941
47.0000	0.4650	1.4389	50.5715
42.0000	0.4570	1.4655	51.8627
42.0000	0.4490	1.4894	51.8629
49.0000	0.4827	1.4047	49.9056
36.0000	0.4323	1.5201	53.5270
48.0000	0.4707	1.4251	50.5861
50.0000	0.4842	1.4005	49.9998
43.0000	0.4589	1.4588	52.0525
43.0000	0.4507	1.4782	52.0654
37.0000	0.4374	1.5110	55.6780
49.0000	0.4731	1.4204	50.7413
51.0000	0.4866	1.3954	49.9100
44.0000	0.4668	1.4511	51.8450
44.0000	0.4537	1.4739	51.8538
50.0000	0.4792	1.4116	50.6942
38.0000	0.4379	1.5082	53.3481
52.0000	0.4911	1.3827	49.9095
45.0000	0.4652	1.4475	51.9894
45.0000	0.4572	1.4675	51.9962
51.0000	0.4784	1.4053	50.6372
53.0000	0.4953	1.3787	50.0325
39.0000	0.4424	1.4988	53.2544
46.0000	0.4699	1.4374	52.2429
46.0000	0.4595	1.4640	52.2544
52.0000	0.4852	1.3982	50.6373
54.0000	0.5014	1.3679	49.9917
40.0000	0.4400	1.4931	55.1031
47.0000	0.4694	1.4369	52.3092
47.0000	0.4605	1.4570	52.2858
53.0000	0.4888	1.3873	50.6348
55.0000	0.5034	1.3596	50.0268
48.0000	0.4742	1.4256	52.6432
48.0000	0.4640	1.4485	52.6771
41.0000	0.4486	1.4857	57.1283
56.0000	0.5056	1.3562	50.0131
54.0000	0.4906	1.3802	50.6234
49.0000	0.4668	1.4432	52.5504
49.0000	0.4771	1.4200	52.9739
42.0000	0.4520	1.4778	57.4699
57.0000	0.5071	1.3495	50.0062
55.0000	0.4959	1.3745	50.5455
50.0000	0.4711	1.4352	52.9411
50.0000	0.4794	1.4119	53.0526
43.0000	0.4542	1.4688	54.6777
58.0000	0.5102	1.3424	49.9455
56.0000	0.4984	1.3660	50.5693
51.0000	0.4829	1.4047	52.5556
51.0000	0.4704	1.4314	53.0154
44.0000	0.4566	1.4664	54.4119
59.0000	0.5144	1.3351	49.9817
57.0000	0.5001	1.3623	50.6361
52.0000	0.4745	1.4282	51.9971
52.0000	0.4841	1.4025	52.0360
45.0000	0.4621	1.4542	53.5621
60.0000	0.5185	1.3250	49.9895
58.0000	0.5023	1.3561	50.6836
53.0000	0.4762	1.4199	52.2702
53.0000	0.4897	1.3936	52.2916
46.0000	0.4642	1.4499	55.4848
61.0000	0.5234	1.3184	50.0269
59.0000	0.5074	1.3443	50.7240
54.0000	0.4894	1.3858	52.3704
54.0000	0.4789	1.4124	52.4192
47.0000	0.4676	1.4419	58.0464
62.0000	0.5249	1.3118	49.9671
60.0000	0.5066	1.3431	50.6974
55.0000	0.4881	1.3858	52.8859
55.0000	0.4799	1.4089	52.9146
63.0000	0.5305	1.3018	49.9957
61.0000	0.5127	1.3325	50.6373
48.0000	0.4707	1.4324	57.5802
56.0000	0.4940	1.3768	53.0112
56.0000	0.4843	1.4029	53.1880
64.0000	0.5329	1.2982	49.9492
62.0000	0.5135	1.3279	50.6526
49.0000	0.4749	1.4258	56.2245
57.0000	0.4944	1.3744	52.7592
57.0000	0.4871	1.3955	52.6461
65.0000	0.5336	1.2928	49.9722
63.0000	0.5179	1.3160	50.6235
50.0000	0.4765	1.4174	54.2760
58.0000	0.5005	1.3653	52.9441
58.0000	0.4884	1.3887	52.9661
66.0000	0.5355	1.2876	49.9353
64.0000	0.5165	1.3168	50.6925
51.0000	0.4797	1.4079	54.4450
59.0000	0.4890	1.3847	53.0311
59.0000	0.5009	1.3602	53.2335
67.0000	0.5393	1.2804	49.9672
65.0000	0.5233	1.3114	50.6411
52.0000	0.4845	1.4006	53.7635
60.0000	0.4939	1.3762	52.8825
60.0000	0.5040	1.3511	52.9589
68.0000	0.5419	1.2732	50.0082
66.0000	0.5241	1.3036	50.6922
53.0000	0.4854	1.3959	56.7882
61.0000	0.4932	1.3760	52.5139
61.0000	0.5036	1.3506	53.0347
69.0000	0.5436	1.2712	49.9274
67.0000	0.5267	1.2959	50.6854
54.0000	0.4909	1.3858	54.4169
70.0000	0.5455	1.2638	49.8629
62.0000	0.4991	1.3638	53.0488
62.0000	0.5093	1.3433	52.8647
68.0000	0.5293	1.2882	50.6703
55.0000	0.4962	1.3747	53.8990
71.0000	0.5480	1.2567	49.9416
63.0000	0.4990	1.3651	52.9092
63.0000	0.5098	1.3407	52.5576
69.0000	0.5328	1.2810	50.5975
56.0000	0.4994	1.3657	54.1136
72.0000	0.5521	1.2486	49.9165
64.0000	0.5033	1.3573	52.9601
64.0000	0.5107	1.3348	52.9906
70.0000	0.5346	1.2773	50.6539
57.0000	0.5042	1.3572	55.6636
73.0000	0.5526	1.2464	49.9456
65.0000	0.5161	1.3271	52.4419
65.0000	0.5043	1.3506	53.1059
71.0000	0.5381	1.2723	50.5720
74.0000	0.5562	1.2394	49.5183
58.0000	0.5053	1.3494	57.6978
66.0000	0.5185	1.3238	52.5915
66.0000	0.5044	1.3489	52.7386
72.0000	0.5385	1.2668	50.5982
75.0000	0.5569	1.2363	49.3379
59.0000	0.5070	1.3448	55.2145
73.0000	0.5424	1.2591	50.5436
67.0000	0.5217	1.3177	52.8610
67.0000	0.5065	1.3428	52.6191
76.0000	0.5599	1.2305	49.1491
74.0000	0.5432	1.2559	50.6200
60.0000	0.5114	1.3339	54.1808
68.0000	0.5186	1.3152	53.2044
68.0000	0.5143	1.3307	52.9487
77.0000	0.5586	1.2294	49.1661
75.0000	0.5466	1.2532	50.6434
69.0000	0.5200	1.3112	52.7133
69.0000	0.5141	1.3292	52.9152
61.0000	0.5154	1.3258	54.2518
78.0000	0.5624	1.2215	49.1069
76.0000	0.5489	1.2457	50.6588
70.0000	0.5256	1.3045	52.4585
70.0000	0.5172	1.3226	52.5587
62.0000	0.5207	1.3174	56.9690
79.0000	0.5645	1.2196	49.1905
77.0000	0.5498	1.2358	50.5988
71.0000	0.5272	1.2984	52.6374
71.0000	0.5165	1.3163	52.2922
63.0000	0.5190	1.3148	53.9524
80.0000	0.5649	1.2145	49.1550
78.0000	0.5516	1.2348	50.6537
72.0000	0.5296	1.2925	52.7698
72.0000	0.5190	1.3116	52.7544
64.0000	0.5261	1.3021	53.6885
81.0000	0.5712	1.2093	49.1664
79.0000	0.5562	1.2269	50.7346
73.0000	0.5210	1.3054	52.9425
73.0000	0.5315	1.2901	53.0895
65.0000	0.5267	1.2976	56.9303
82.0000	0.5682	1.2055	49.0996
80.0000	0.5563	1.2269	50.7087
74.0000	0.5248	1.3004	52.8526
74.0000	0.5307	1.2839	53.0368
83.0000	0.5716	1.1986	49.1827
66.0000	0.5291	1.2981	57.5912
81.0000	0.5598	1.2176	50.6083
75.0000	0.5274	1.2974	52.4787
75.0000	0.5296	1.2855	52.5871
84.0000	0.5742	1.1939	49.1271
67.0000	0.5362	1.2853	57.2474
82.0000	0.5601	1.2137	50.6606
76.0000	0.5261	1.2935	52.5099
76.0000	0.5366	1.2754	52.9944
85.0000	0.5758	1.1886	49.1624
68.0000	0.5381	1.2743	57.6655
83.0000	0.5648	1.2036	50.7491
86.0000	0.5757	1.1882	49.1210
77.0000	0.5290	1.2859	52.8050
77.0000	0.5368	1.2690	52.6290
84.0000	0.5665	1.2005	50.6978
69.0000	0.5372	1.2737	57.7872
87.0000	0.5764	1.1864	49.2887
78.0000	0.5314	1.2790	52.9876
78.0000	0.5381	1.2691	52.6647
85.0000	0.5664	1.2051	50.6051
70.0000	0.5429	1.2618	57.7891
88.0000	0.5774	1.1841	49.1212
79.0000	0.5397	1.2629	52.3105
79.0000	0.5368	1.2719	52.6144
86.0000	0.5709	1.1921	50.6390
89.0000	0.5793	1.1775	49.1704
71.0000	0.5463	1.2555	57.3796
80.0000	0.5437	1.2575	52.6304
80.0000	0.5383	1.2708	53.0227
87.0000	0.5680	1.1887	50.7140
90.0000	0.5807	1.1726	49.0945
72.0000	0.5455	1.2520	57.4179
81.0000	0.5452	1.2542	52.6225
81.0000	0.5409	1.2626	53.0178
88.0000	0.5717	1.1856	50.6181
91.0000	0.5849	1.1672	49.1993
73.0000	0.5507	1.2449	57.7094
82.0000	0.5444	1.2503	53.1033
82.0000	0.5430	1.2547	52.8678
89.0000	0.5714	1.1788	50.4615
92.0000	0.5868	1.1617	49.1591
83.0000	0.5498	1.2444	52.6177
83.0000	0.5453	1.2515	52.6703
74.0000	0.5494	1.2443	58.0044
90.0000	0.5769	1.1738	50.5617
93.0000	0.5848	1.1597	49.1544
84.0000	0.5531	1.2355	51.8494
84.0000	0.5456	1.2501	51.9942
75.0000	0.5569	1.2340	56.7074
91.0000	0.5792	1.1681	50.6672
94.0000	0.5855	1.1566	49.0927
85.0000	0.5517	1.2373	51.9264
85.0000	0.5502	1.2437	51.9053
76.0000	0.5555	1.2304	56.7955
92.0000	0.5793	1.1679	50.6479
95.0000	0.5899	1.1519	49.1699
86.0000	0.5534	1.2322	51.9438
86.0000	0.5500	1.2373	51.8889
93.0000	0.5828	1.1603	50.6102
96.0000	0.5906	1.1488	49.1227
77.0000	0.5609	1.2217	56.8360
87.0000	0.5552	1.2260	51.8428
87.0000	0.5517	1.2380	51.7755
94.0000	0.5865	1.1537	50.6611
97.0000	0.5916	1.1477	49.1496
78.0000	0.5633	1.2158	56.7974
88.0000	0.5571	1.2232	51.7916
88.0000	0.5537	1.2293	51.8442
95.0000	0.5881	1.1490	50.6189
98.0000	0.5937	1.1415	49.1284
79.0000	0.5639	1.2145	55.8810
89.0000	0.5622	1.2152	51.8721
89.0000	0.5562	1.2244	51.9610
96.0000	0.5897	1.1503	50.7439
99.0000	0.5956	1.1364	49.1864
80.0000	0.5641	1.2097	53.0587
90.0000	0.5600	1.2178	51.9219
90.0000	0.5605	1.2191	51.9702
97.0000	0.5903	1.1412	50.5831
81.0000	0.5681	1.2017	53.0800
91.0000	0.5634	1.2089	52.0128
91.0000	0.5605	1.2201	52.0615
98.0000	0.5917	1.1397	50.6234
82.0000	0.5706	1.1969	56.0232
92.0000	0.5634	1.2088	51.8625
92.0000	0.5629	1.2115	51.8376
99.0000	0.5929	1.1358	50.5954
83.0000	0.5719	1.1925	53.3547
93.0000	0.5661	1.2043	51.8702
93.0000	0.5658	1.2074	51.8711
84.0000	0.5746	1.1879	53.1348
94.0000	0.5709	1.1966	51.8292
94.0000	0.5644	1.2033	51.8124
85.0000	0.5745	1.1825	55.4413
95.0000	0.5717	1.1925	51.8970
95.0000	0.5675	1.1980	51.8102
86.0000	0.5759	1.1801	56.7422
96.0000	0.5733	1.1884	51.9625
96.0000	0.5702	1.1924	51.9426
87.0000	0.5756	1.1781	56.2913
97.0000	0.5729	1.1850	51.7962
97.0000	0.5731	1.1883	51.8140
98.0000	0.5746	1.1844	51.8628
98.0000	0.5716	1.1878	51.8861
88.0000	0.5813	1.1682	56.7725
99.0000	0.5780	1.1757	52.1314
99.0000	0.5765	1.1774	52.1363
89.0000	0.5831	1.1671	56.7828
90.0000	0.5858	1.1574	56.9746
91.0000	0.5849	1.1586	57.0760
92.0000	0.5869	1.1505	57.1774
93.0000	0.5895	1.1492	57.0946
94.0000	0.5914	1.1451	57.1652
95.0000	0.5892	1.1438	57.0593
96.0000	0.5928	1.1404	56.6253
97.0000	0.5975	1.1302	54.0055
98.0000	0.5955	1.1293	54.6402
99.0000	0.6005	1.1224	53.9089
