current_epoch	train_acc	train_loss	epoch_train_time
0.0000	0.5114	1.3463	60.1221
0.0000	0.4883	1.3972	58.3570
1.0000	0.6530	0.9675	58.4082
2.0000	0.7136	0.8068	58.2846
3.0000	0.7571	0.6914	58.4123
4.0000	0.7873	0.6082	58.4332
5.0000	0.8138	0.5336	58.4410
6.0000	0.8339	0.4840	58.3184
7.0000	0.8504	0.4321	58.4307
8.0000	0.8632	0.3953	58.4546
9.0000	0.8768	0.3568	58.4305
10.0000	0.8853	0.3266	58.3179
11.0000	0.8954	0.2987	58.4211
12.0000	0.9066	0.2675	58.4683
13.0000	0.9142	0.2464	58.3909
14.0000	0.9204	0.2283	58.4513
15.0000	0.9268	0.2113	58.3038
16.0000	0.9322	0.1947	58.4641
17.0000	0.9343	0.1887	58.2937
18.0000	0.9427	0.1647	58.4413
19.0000	0.9420	0.1658	58.3003
20.0000	0.9484	0.1471	58.4317
21.0000	0.9490	0.1453	58.3952
22.0000	0.9551	0.1304	58.2879
23.0000	0.9550	0.1261	58.4332
24.0000	0.9571	0.1228	58.2895
25.0000	0.9581	0.1191	58.4012
26.0000	0.9603	0.1144	58.4160
27.0000	0.9612	0.1104	58.4068
28.0000	0.9630	0.1055	58.2844
29.0000	0.9628	0.1057	58.3858
30.0000	0.9640	0.1050	58.4130
31.0000	0.9643	0.1020	58.3870
32.0000	0.9660	0.0986	58.2741
33.0000	0.9665	0.0962	58.3786
34.0000	0.9673	0.0943	58.3859
35.0000	0.9640	0.1015	58.3725
36.0000	0.9709	0.0851	58.2625
37.0000	0.9699	0.0863	58.3836
38.0000	0.9712	0.0846	58.3233
39.0000	0.9679	0.0917	58.3599
40.0000	0.9709	0.0839	58.2444
41.0000	0.9710	0.0842	58.3440
42.0000	0.9699	0.0881	58.3757
43.0000	0.9743	0.0759	58.3072
44.0000	0.9684	0.0917	58.3548
45.0000	0.9751	0.0746	58.2242
46.0000	0.9725	0.0812	58.3825
47.0000	0.9740	0.0749	58.2139
48.0000	0.9720	0.0822	58.3707
49.0000	0.9742	0.0752	58.2039
50.0000	0.9749	0.0748	58.3573
51.0000	0.9729	0.0804	58.2956
52.0000	0.9754	0.0718	58.2118
53.0000	0.9745	0.0752	58.3478
54.0000	0.9740	0.0734	58.2010
55.0000	0.9734	0.0779	58.3235
56.0000	0.9751	0.0732	58.2015
57.0000	0.9789	0.0623	58.3091
58.0000	0.9734	0.0784	58.3304
59.0000	0.9746	0.0719	58.3123
60.0000	0.9778	0.0659	58.1955
61.0000	0.9759	0.0716	58.3027
62.0000	0.9766	0.0687	58.3205
63.0000	0.9749	0.0727	58.3153
64.0000	0.9773	0.0659	58.2938
65.0000	0.9770	0.0706	58.3036
66.0000	0.9758	0.0705	58.3190
67.0000	0.9751	0.0719	58.3203
68.0000	0.9811	0.0567	58.2781
69.0000	0.9762	0.0694	58.2880
70.0000	0.9755	0.0715	58.2979
71.0000	0.9811	0.0573	58.3023
72.0000	0.9747	0.0747	58.2575
73.0000	0.9764	0.0667	58.2730
74.0000	0.9774	0.0658	58.2262
75.0000	0.9768	0.0666	58.2531
76.0000	0.9812	0.0556	58.2612
77.0000	0.9766	0.0663	58.1249
78.0000	0.9783	0.0644	58.2902
79.0000	0.9770	0.0652	58.1176
80.0000	0.9749	0.0697	58.2873
81.0000	0.9813	0.0571	58.1142
82.0000	0.9762	0.0685	58.2601
83.0000	0.9813	0.0567	58.1047
84.0000	0.9781	0.0636	58.1213
85.0000	0.9768	0.0688	58.2483
86.0000	0.9796	0.0605	58.1332
87.0000	0.9796	0.0621	58.2454
88.0000	0.9783	0.0628	58.2642
89.0000	0.9793	0.0600	58.2433
90.0000	0.9744	0.0734	58.2233
91.0000	0.9827	0.0514	58.2425
92.0000	0.9772	0.0646	58.0892
93.0000	0.9804	0.0571	58.2416
94.0000	0.9778	0.0650	58.1888
95.0000	0.9798	0.0599	58.2288
96.0000	0.9791	0.0617	58.1139
97.0000	0.9788	0.0619	58.2038
98.0000	0.9799	0.0591	58.2304
99.0000	0.9780	0.0616	58.2111
0.0000	0.4925	1.3924	58.3019
1.0000	0.6561	0.9632	57.4705
2.0000	0.7152	0.7963	57.5979
3.0000	0.7603	0.6848	57.5102
4.0000	0.7911	0.5955	57.4678
5.0000	0.8185	0.5255	57.4823
6.0000	0.8390	0.4698	57.6880
7.0000	0.8548	0.4249	57.4795
8.0000	0.8666	0.3846	57.4686
9.0000	0.8785	0.3539	57.6337
10.0000	0.8880	0.3228	57.6924
11.0000	0.8952	0.3015	57.4734
12.0000	0.9057	0.2676	57.4549
13.0000	0.9120	0.2510	57.4677
14.0000	0.9169	0.2339	57.6338
15.0000	0.9254	0.2126	57.4903
16.0000	0.9289	0.2019	57.4728
17.0000	0.9330	0.1881	57.4914
18.0000	0.9366	0.1826	57.6414
19.0000	0.9426	0.1645	57.4468
20.0000	0.9428	0.1579	57.4516
21.0000	0.9466	0.1532	57.5098
22.0000	0.9511	0.1397	57.6246
23.0000	0.9532	0.1352	57.4665
24.0000	0.9526	0.1344	57.4326
25.0000	0.9528	0.1336	57.4891
26.0000	0.9587	0.1178	57.6143
27.0000	0.9553	0.1272	57.4328
28.0000	0.9607	0.1113	57.4187
29.0000	0.9559	0.1236	57.4518
30.0000	0.9598	0.1140	57.6130
31.0000	0.9636	0.1076	57.4371
32.0000	0.9610	0.1114	57.4209
33.0000	0.9603	0.1126	57.4268
34.0000	0.9655	0.1016	57.6027
35.0000	0.9643	0.1004	57.4256
36.0000	0.9626	0.1073	57.4106
37.0000	0.9684	0.0951	57.4558
38.0000	0.9675	0.0959	57.6408
39.0000	0.9651	0.1027	57.4035
40.0000	0.9653	0.0981	57.3937
41.0000	0.9655	0.0965	57.4368
42.0000	0.9697	0.0911	57.6210
43.0000	0.9677	0.0931	57.4034
44.0000	0.9673	0.0948	57.3906
45.0000	0.9680	0.0925	57.4416
46.0000	0.9670	0.0955	57.5858
47.0000	0.9673	0.0934	57.3957
48.0000	0.9703	0.0864	57.3710
49.0000	0.9696	0.0870	57.4182
50.0000	0.9692	0.0871	57.5650
51.0000	0.9699	0.0855	57.3779
52.0000	0.9697	0.0867	57.3525
53.0000	0.9701	0.0883	57.4077
54.0000	0.9732	0.0790	57.5412
55.0000	0.9709	0.0829	57.3755
56.0000	0.9715	0.0835	57.3385
57.0000	0.9696	0.0867	57.3757
58.0000	0.9720	0.0785	57.5432
59.0000	0.9711	0.0838	57.3522
60.0000	0.9711	0.0852	57.3466
61.0000	0.9713	0.0829	57.3417
62.0000	0.9716	0.0806	57.5077
63.0000	0.9747	0.0740	57.3269
64.0000	0.9714	0.0839	57.3155
65.0000	0.9717	0.0817	57.3212
66.0000	0.9749	0.0740	57.5111
67.0000	0.9739	0.0758	57.3052
68.0000	0.9717	0.0816	57.3180
69.0000	0.9741	0.0761	57.3235
70.0000	0.9708	0.0834	57.4865
71.0000	0.9731	0.0776	57.3077
72.0000	0.9743	0.0757	57.2801
73.0000	0.9735	0.0765	57.2896
74.0000	0.9741	0.0765	57.5088
75.0000	0.9764	0.0689	57.2746
76.0000	0.9719	0.0816	57.2432
77.0000	0.9746	0.0743	57.3514
78.0000	0.9735	0.0776	57.4415
79.0000	0.9763	0.0716	57.2455
80.0000	0.9740	0.0746	57.2637
81.0000	0.9725	0.0821	57.2589
82.0000	0.9763	0.0691	57.4344
83.0000	0.9751	0.0707	57.2469
84.0000	0.9771	0.0689	57.2358
85.0000	0.9748	0.0746	57.2533
86.0000	0.9721	0.0787	57.4201
87.0000	0.9760	0.0704	57.2580
88.0000	0.9756	0.0690	57.2380
89.0000	0.9733	0.0771	57.2332
90.0000	0.9739	0.0739	57.4015
91.0000	0.9794	0.0620	57.2268
92.0000	0.9768	0.0676	57.2079
93.0000	0.9715	0.0814	57.2275
94.0000	0.9769	0.0695	57.4032
95.0000	0.9765	0.0681	57.2171
96.0000	0.9768	0.0675	57.2155
97.0000	0.9757	0.0703	57.2131
98.0000	0.9787	0.0633	57.3405
99.0000	0.9727	0.0774	57.2207
