current_epoch	train_acc	train_loss	epoch_train_time
0.0000	0.3777	2.1524	0.3102
1.0000	0.6557	1.6009	0.3162
2.0000	0.7649	1.0988	0.3152
3.0000	0.8137	0.8285	0.3222
4.0000	0.8399	0.6837	0.3292
5.0000	0.8559	0.5960	0.3182
6.0000	0.8687	0.5270	0.3172
0.0000	0.3879	2.1548	0.2882
1.0000	0.6723	1.6018	0.2852
2.0000	0.7684	1.0887	0.2882
3.0000	0.8172	0.8197	0.2822
4.0000	0.8419	0.6776	0.2842
5.0000	0.8535	0.5925	0.2872
6.0000	0.8667	0.5244	0.2842
7.0000	0.8710	0.4965	0.2852
8.0000	0.8792	0.4645	0.2862
9.0000	0.8814	0.4442	0.2872
10.0000	0.8897	0.4135	0.2892
11.0000	0.8862	0.4125	0.2892
12.0000	0.8950	0.3849	0.3062
13.0000	0.8953	0.3845	0.2842
14.0000	0.8986	0.3676	0.2852
15.0000	0.8981	0.3561	0.2852
16.0000	0.9010	0.3583	0.2862
17.0000	0.9062	0.3422	0.3202
18.0000	0.8986	0.3529	0.2852
19.0000	0.9025	0.3408	0.2892
20.0000	0.9055	0.3400	0.2872
21.0000	0.9133	0.3181	0.2852
22.0000	0.9103	0.3105	0.2872
23.0000	0.9093	0.3165	0.2822
24.0000	0.9105	0.3107	0.2822
25.0000	0.9137	0.3082	0.3042
26.0000	0.9130	0.3058	0.2962
27.0000	0.9159	0.2941	0.2862
28.0000	0.9147	0.2957	0.2842
29.0000	0.9144	0.2970	0.2872
30.0000	0.9094	0.3101	0.2842
31.0000	0.9181	0.2832	0.2792
32.0000	0.9143	0.2957	0.2812
33.0000	0.9166	0.2861	0.2832
34.0000	0.9213	0.2816	0.3162
35.0000	0.9188	0.2767	0.2872
36.0000	0.9263	0.2628	0.2862
37.0000	0.9226	0.2814	0.2842
38.0000	0.9215	0.2783	0.2832
39.0000	0.9215	0.2714	0.2832
40.0000	0.9202	0.2739	0.2832
41.0000	0.9318	0.2489	0.2862
42.0000	0.9240	0.2533	0.2862
43.0000	0.9256	0.2615	0.2842
44.0000	0.9260	0.2557	0.2832
45.0000	0.9266	0.2526	0.2952
46.0000	0.9283	0.2509	0.2862
47.0000	0.9246	0.2625	0.2862
48.0000	0.9304	0.2513	0.2862
49.0000	0.9295	0.2488	0.2822
0.0000	0.3875	2.1574	0.2722
1.0000	0.6699	1.6182	0.2812
2.0000	0.7676	1.1006	0.2852
3.0000	0.8158	0.8250	0.3022
4.0000	0.8398	0.6801	0.2842
5.0000	0.8567	0.5918	0.2892
6.0000	0.8700	0.5228	0.2862
7.0000	0.8740	0.4942	0.2882
8.0000	0.8804	0.4628	0.2872
9.0000	0.8812	0.4424	0.3002
10.0000	0.8900	0.4123	0.2882
11.0000	0.8870	0.4108	0.2952
12.0000	0.8946	0.3838	0.2882
13.0000	0.8957	0.3833	0.2842
14.0000	0.8979	0.3672	0.2892
15.0000	0.8972	0.3562	0.3082
16.0000	0.8996	0.3574	0.2882
17.0000	0.9049	0.3414	0.2852
18.0000	0.8989	0.3527	0.2832
19.0000	0.9027	0.3406	0.2882
20.0000	0.9042	0.3403	0.2892
21.0000	0.9133	0.3177	0.2832
22.0000	0.9107	0.3103	0.2842
23.0000	0.9087	0.3157	0.2842
24.0000	0.9111	0.3103	0.2852
25.0000	0.9137	0.3073	0.2962
26.0000	0.9134	0.3042	0.2862
27.0000	0.9167	0.2931	0.2872
28.0000	0.9161	0.2952	0.2862
29.0000	0.9160	0.2970	0.2842
30.0000	0.9094	0.3101	0.2832
31.0000	0.9167	0.2832	0.3092
32.0000	0.9149	0.2947	0.2882
33.0000	0.9167	0.2854	0.2902
34.0000	0.9214	0.2817	0.2932
35.0000	0.9198	0.2766	0.3042
36.0000	0.9262	0.2615	0.2862
37.0000	0.9202	0.2805	0.2852
38.0000	0.9219	0.2779	0.2882
39.0000	0.9211	0.2712	0.2852
40.0000	0.9199	0.2748	0.2862
41.0000	0.9304	0.2488	0.2882
42.0000	0.9241	0.2528	0.3012
43.0000	0.9248	0.2606	0.2882
44.0000	0.9250	0.2555	0.2892
45.0000	0.9261	0.2514	0.2872
46.0000	0.9283	0.2519	0.2872
47.0000	0.9248	0.2635	0.2882
48.0000	0.9311	0.2498	0.3112
49.0000	0.9295	0.2482	0.2872
0.0000	0.1500	2.2909	0.0871
1.0000	0.1400	2.2659	0.0851
2.0000	0.1500	2.2598	0.0710
3.0000	0.2600	2.2359	0.0600
4.0000	0.1600	2.2398	0.0570
5.0000	0.3200	2.2061	0.0590
6.0000	0.3200	2.2052	0.0600
7.0000	0.4300	2.1771	0.0600
8.0000	0.3600	2.1547	0.0650
9.0000	0.4600	2.1576	0.0650
10.0000	0.5800	2.0952	0.0650
11.0000	0.6400	2.0701	0.0610
12.0000	0.5900	2.0340	0.0580
13.0000	0.6200	1.9814	0.0580
14.0000	0.4800	2.0136	0.0600
15.0000	0.5800	2.0104	0.0570
16.0000	0.6200	1.9565	0.0580
17.0000	0.5500	1.9602	0.0620
18.0000	0.6400	1.9010	0.0620
19.0000	0.6500	1.8856	0.0590
20.0000	0.6400	1.8784	0.0590
21.0000	0.6800	1.8411	0.0620
22.0000	0.7000	1.8134	0.0590
23.0000	0.6600	1.8086	0.0590
24.0000	0.6400	1.7552	0.0580
25.0000	0.7400	1.7097	0.0590
26.0000	0.6400	1.7195	0.0600
27.0000	0.5800	1.6802	0.0580
28.0000	0.7400	1.6083	0.0590
29.0000	0.7000	1.5865	0.0580
30.0000	0.7400	1.5447	0.0580
31.0000	0.7700	1.5460	0.0590
32.0000	0.6600	1.5001	0.0590
33.0000	0.7300	1.4832	0.0580
34.0000	0.6900	1.3774	0.0580
35.0000	0.7700	1.3335	0.0580
36.0000	0.7300	1.3347	0.0570
37.0000	0.7600	1.3429	0.0590
38.0000	0.7400	1.2564	0.0570
39.0000	0.7600	1.2915	0.0570
40.0000	0.7600	1.2944	0.0580
41.0000	0.7500	1.2202	0.0580
42.0000	0.7400	1.2083	0.0590
43.0000	0.7800	1.1756	0.0590
44.0000	0.7900	1.0936	0.0590
45.0000	0.6900	1.1528	0.0560
46.0000	0.7900	1.0656	0.0580
47.0000	0.8300	1.0264	0.0590
48.0000	0.7600	1.0345	0.0610
49.0000	0.7900	1.0172	0.0590
0.0000	0.0700	2.3309	0.0500
1.0000	0.0900	2.3100	0.0580
2.0000	0.2400	2.2719	0.0580
3.0000	0.1800	2.2686	0.0580
4.0000	0.3500	2.2567	0.0570
5.0000	0.3700	2.2379	0.0580
6.0000	0.4100	2.2305	0.0570
7.0000	0.4700	2.2006	0.0580
8.0000	0.4400	2.1863	0.0580
9.0000	0.4400	2.1954	0.0580
10.0000	0.5300	2.1391	0.0560
11.0000	0.6600	2.1125	0.0590
12.0000	0.6000	2.0775	0.0590
13.0000	0.5600	2.0571	0.0570
14.0000	0.5600	2.0604	0.0590
15.0000	0.5300	2.0499	0.0580
16.0000	0.5600	2.0308	0.0610
17.0000	0.7300	1.9824	0.0580
18.0000	0.6600	1.9700	0.0580
19.0000	0.6300	1.9530	0.0570
20.0000	0.6300	1.9121	0.0590
21.0000	0.6800	1.8774	0.0600
22.0000	0.6600	1.8706	0.0570
23.0000	0.6200	1.8713	0.0580
24.0000	0.6400	1.8365	0.0590
25.0000	0.7600	1.7565	0.0590
26.0000	0.6600	1.7745	0.0590
27.0000	0.6400	1.7309	0.0590
28.0000	0.7500	1.6895	0.0570
29.0000	0.7900	1.6170	0.0590
30.0000	0.7400	1.5992	0.0580
31.0000	0.7200	1.5892	0.0600
32.0000	0.7000	1.5647	0.0600
33.0000	0.7400	1.5233	0.0590
34.0000	0.7700	1.4091	0.0580
35.0000	0.7700	1.4149	0.0580
36.0000	0.7700	1.3627	0.0580
37.0000	0.7500	1.4014	0.0580
38.0000	0.7600	1.3190	0.0570
39.0000	0.7100	1.3468	0.0590
40.0000	0.7600	1.3546	0.0590
41.0000	0.7400	1.2579	0.0580
42.0000	0.7400	1.2450	0.0590
43.0000	0.7600	1.2321	0.0590
44.0000	0.8100	1.1365	0.0580
45.0000	0.7500	1.1555	0.0590
46.0000	0.8000	1.1101	0.0580
47.0000	0.8100	1.0656	0.0580
48.0000	0.7500	1.0738	0.0570
49.0000	0.8100	1.0461	0.0580
0.0000	0.0800	2.3105	0.0500
1.0000	0.1300	2.2949	0.0560
2.0000	0.1600	2.2677	0.0570
3.0000	0.1700	2.2717	0.0590
4.0000	0.3200	2.2393	0.0580
5.0000	0.3600	2.2254	0.0580
6.0000	0.4500	2.1989	0.0570
7.0000	0.3400	2.2073	0.0600
8.0000	0.4600	2.1791	0.0570
9.0000	0.4300	2.1801	0.0580
10.0000	0.5600	2.1344	0.0580
11.0000	0.6200	2.1035	0.0590
12.0000	0.6600	2.0565	0.0600
13.0000	0.6000	2.0129	0.0590
14.0000	0.4900	2.0522	0.0600
15.0000	0.5200	2.0495	0.0590
16.0000	0.5900	2.0290	0.0580
17.0000	0.5900	1.9907	0.0590
18.0000	0.6300	1.9698	0.0600
19.0000	0.6100	1.9563	0.0590
20.0000	0.6300	1.9198	0.0610
21.0000	0.6400	1.8881	0.0610
22.0000	0.6800	1.8759	0.0590
23.0000	0.6500	1.8807	0.0610
24.0000	0.6600	1.8376	0.0600
25.0000	0.7600	1.7502	0.0570
26.0000	0.6400	1.7826	0.0580
27.0000	0.6100	1.7612	0.0590
28.0000	0.7400	1.6704	0.0570
29.0000	0.7900	1.6377	0.0600
30.0000	0.7400	1.6147	0.0580
31.0000	0.7600	1.6150	0.0590
32.0000	0.6600	1.5633	0.0570
33.0000	0.7700	1.5255	0.0590
34.0000	0.7600	1.4536	0.0580
35.0000	0.7900	1.4388	0.0590
36.0000	0.8000	1.3858	0.0600
37.0000	0.7600	1.4110	0.0580
38.0000	0.7600	1.3390	0.0600
39.0000	0.7400	1.3703	0.0590
40.0000	0.7800	1.3598	0.0570
41.0000	0.7300	1.2999	0.0580
42.0000	0.7200	1.2719	0.0570
43.0000	0.7600	1.2353	0.0570
44.0000	0.7900	1.1298	0.0590
45.0000	0.7300	1.1673	0.0590
46.0000	0.8300	1.0983	0.0610
47.0000	0.8000	1.0783	0.0600
48.0000	0.7500	1.0814	0.0590
49.0000	0.8200	1.0488	0.0580
0.0000	0.2210	2.2326	0.0751
1.0000	0.5950	2.0225	0.0791
2.0000	0.6720	1.7472	0.0791
3.0000	0.7300	1.4203	0.0751
4.0000	0.7500	1.1824	0.0801
5.0000	0.7800	0.9812	0.0781
6.0000	0.8230	0.8385	0.0771
7.0000	0.8080	0.7650	0.0781
8.0000	0.8140	0.7032	0.0781
9.0000	0.8610	0.6209	0.0781
10.0000	0.8490	0.5789	0.0851
11.0000	0.8540	0.5462	0.0801
12.0000	0.8480	0.5504	0.0751
13.0000	0.8740	0.4794	0.0781
14.0000	0.8720	0.5297	0.0811
15.0000	0.8750	0.4719	0.0771
16.0000	0.8550	0.5048	0.0791
17.0000	0.8750	0.4821	0.0781
18.0000	0.8600	0.5025	0.0781
19.0000	0.8570	0.4779	0.0791
20.0000	0.8770	0.4429	0.0761
21.0000	0.8690	0.4547	0.0821
22.0000	0.8970	0.3978	0.0781
23.0000	0.8810	0.4228	0.0761
24.0000	0.8870	0.4051	0.0771
25.0000	0.8810	0.3992	0.0771
26.0000	0.8950	0.3887	0.0781
27.0000	0.8920	0.3927	0.0791
28.0000	0.8900	0.3857	0.0791
29.0000	0.8890	0.3985	0.0781
30.0000	0.8870	0.4005	0.0791
31.0000	0.9010	0.3527	0.0761
32.0000	0.8780	0.4426	0.0811
33.0000	0.8830	0.3954	0.0781
34.0000	0.9110	0.3712	0.0771
35.0000	0.9020	0.3201	0.0791
36.0000	0.8890	0.3810	0.0841
37.0000	0.9170	0.3329	0.0811
38.0000	0.9080	0.3606	0.0791
39.0000	0.9060	0.3277	0.0771
40.0000	0.8960	0.3822	0.0811
41.0000	0.9090	0.3092	0.0771
42.0000	0.9140	0.3187	0.0801
43.0000	0.9100	0.3060	0.0801
44.0000	0.9070	0.3146	0.0791
45.0000	0.8980	0.3215	0.0791
46.0000	0.9140	0.3003	0.0771
47.0000	0.8990	0.3494	0.0751
48.0000	0.9040	0.3318	0.0791
49.0000	0.9060	0.3566	0.0771
0.0000	0.7065	1.2755	0.2752
1.0000	0.8680	0.5010	0.2812
2.0000	0.8846	0.4185	0.2812
3.0000	0.8972	0.3719	0.2752
4.0000	0.8973	0.3555	0.2992
5.0000	0.9057	0.3330	0.2812
6.0000	0.9114	0.3091	0.2802
7.0000	0.9102	0.3092	0.2772
8.0000	0.9150	0.2930	0.2762
9.0000	0.9208	0.2875	0.2872
10.0000	0.9247	0.2599	0.2802
11.0000	0.9226	0.2667	0.2772
12.0000	0.9314	0.2427	0.2822
13.0000	0.9279	0.2506	0.2772
14.0000	0.9353	0.2254	0.2772
15.0000	0.9375	0.2184	0.2792
16.0000	0.9360	0.2209	0.2962
17.0000	0.9445	0.2061	0.2762
18.0000	0.9383	0.2112	0.2792
19.0000	0.9457	0.1998	0.2782
20.0000	0.9451	0.1977	0.2782
21.0000	0.9510	0.1766	0.2982
22.0000	0.9486	0.1746	0.2832
23.0000	0.9521	0.1753	0.2802
24.0000	0.9535	0.1693	0.2782
25.0000	0.9549	0.1639	0.2802
26.0000	0.9534	0.1621	0.2862
27.0000	0.9562	0.1515	0.2882
28.0000	0.9581	0.1518	0.2792
29.0000	0.9586	0.1503	0.2822
30.0000	0.9552	0.1567	0.2782
31.0000	0.9626	0.1362	0.2772
32.0000	0.9616	0.1451	0.2822
33.0000	0.9597	0.1370	0.2792
34.0000	0.9636	0.1320	0.2782
35.0000	0.9629	0.1247	0.2762
36.0000	0.9661	0.1227	0.2852
37.0000	0.9632	0.1322	0.2832
38.0000	0.9665	0.1256	0.2842
39.0000	0.9659	0.1203	0.2842
40.0000	0.9653	0.1238	0.2812
41.0000	0.9697	0.1056	0.2782
42.0000	0.9698	0.1093	0.2772
43.0000	0.9685	0.1110	0.2782
44.0000	0.9695	0.1099	0.2862
45.0000	0.9706	0.1077	0.2762
46.0000	0.9708	0.1041	0.2872
47.0000	0.9685	0.1100	0.2772
48.0000	0.9701	0.1082	0.2792
49.0000	0.9728	0.0971	0.2782
0.0000	0.7154	1.2404	0.3142
1.0000	0.8654	0.5063	0.2862
2.0000	0.8816	0.4158	0.2852
3.0000	0.8984	0.3621	0.3052
4.0000	0.9008	0.3409	0.2952
5.0000	0.9127	0.3078	0.2862
6.0000	0.9131	0.3085	0.2922
7.0000	0.9189	0.2908	0.2962
8.0000	0.9185	0.2774	0.2912
9.0000	0.9198	0.2785	0.2882
10.0000	0.9281	0.2586	0.3002
11.0000	0.9306	0.2421	0.3052
12.0000	0.9304	0.2403	0.2982
13.0000	0.9356	0.2277	0.2982
14.0000	0.9417	0.2121	0.2932
15.0000	0.9364	0.2207	0.2972
16.0000	0.9414	0.2102	0.3062
17.0000	0.9430	0.1950	0.3112
18.0000	0.9457	0.1915	0.3082
19.0000	0.9451	0.1913	0.3082
20.0000	0.9487	0.1859	0.2952
21.0000	0.9490	0.1830	0.3002
22.0000	0.9532	0.1683	0.2982
23.0000	0.9533	0.1690	0.2962
24.0000	0.9518	0.1742	0.3272
25.0000	0.9527	0.1689	0.3002
26.0000	0.9575	0.1563	0.2992
27.0000	0.9571	0.1499	0.3082
28.0000	0.9615	0.1392	0.2912
29.0000	0.9578	0.1453	0.2942
30.0000	0.9592	0.1400	0.2972
31.0000	0.9607	0.1369	0.2982
32.0000	0.9591	0.1421	0.2972
33.0000	0.9618	0.1351	0.3112
34.0000	0.9643	0.1295	0.3012
35.0000	0.9631	0.1278	0.3132
36.0000	0.9664	0.1196	0.2952
37.0000	0.9650	0.1222	0.2952
38.0000	0.9666	0.1192	0.2882
39.0000	0.9666	0.1171	0.3172
40.0000	0.9663	0.1248	0.3102
41.0000	0.9667	0.1180	0.3192
42.0000	0.9688	0.1097	0.3092
43.0000	0.9697	0.1162	0.3002
44.0000	0.9672	0.1064	0.2972
45.0000	0.9696	0.1053	0.2872
46.0000	0.9701	0.1065	0.2972
47.0000	0.9714	0.1027	0.2982
48.0000	0.9730	0.1004	0.3012
49.0000	0.9718	0.0963	0.3172
